input_text = """-8647 5566 32490 -18269 -56625 39613 6492 21363 57155 -14471 -15319 41577 -52998 33851 76374 35350 -72354 55960 -59390 68340 -65443 68300 -76909 35891 -73426 76457 65334 25762 -73627 60413 29334 -63878 76304 -54036 43586 -45988 29988 59292 -48155 -16417 -73573 -33186 -16722 -33721 6197 -77783 -60197 -710 -49411 -60654 47419 -51410 -74203 67218 -41524 24712 64208 -31313 52706 -40905 -42348 9410 -75041 -56304 48061 9891 -17446 45368 4629 -43786 75878 15107 77070 -42288 7857 11703 -41383 33065 45306 31028 45983 -70184 69910 51383 51102 63910 -26242 -37815 12026 -52696 -24406 19939 -45905 39944 -45791 25426 -77296 34873 60116 -35855 43983 -35055 -36098 10937 66182 63925 -13561 64185 56067 -67283 -31436 -42333 -17397 -60040 -32142 -65670 -68693 -11026 73262 28938 44186 -69325 57103 -18229 -33282 45646 35623 66178 -64959 -55288 -7798 58033 72766 68209 -32226 -6528 13373 53846 34747 -51521 -439 -69372 73439 -29559 53012 -35959 7633 73087 10160 31691 -30244 -13763 13257 -66851 1890 23866 -27082 79823 -35492 36347 53652 -4419 -46160 -15182 -3558 -63791 -52703 -54671 -78837 -16558 -51294 33174 -58439 36160 -10137 67075 -58450 -14811 -48961 45570 5129 -24130 66892 12980 70049 -660 -50604 64884 -17649 -19307 -72881 32054 35009 63135 -75082 -26076 -18795 23075 31356 -30184 -363 -32916 4447 -37729 -4213 -26113 29473 57052 -33276 60183 -59362 -32727 -9445 14857 -71592 -12632 -63564 -31757 -69165 61929 33451 27328 22229 -582 -63261 50869 -15157 -6901 -47928 -18108 -50368 2624 -46475 40807 -68622 -47527 43698 -44327 59441 78329 -21804 48579 64373 20607 -72695 -4185 57831 52571 -61795 -9485 44021 52413 -77706 17579 -75814 -35836 16389 58967 35812 35186 -8881 33928 66646 27323 60772 -1424 73680 -78646 -45208 -8842 -34657 -34968 -45436 -76359 -36439 -6593 59319 64590 -16713 19078 29984 -42724 -26648 -45943 -9748 68122 -50441 -23459 67274 58063 -24111 -48168 72117 20795 -8687 -40603 -57454 156 -9705 51496
"""


numbers = list(map(int, input_text.split()))


max_value = max(numbers)
min_value = min(numbers)


print(max_value, min_value)
